# CoordinateSystem: PROJCS["ETRS89 / UTM zone 32N",GEOGCS["ETRS89",DATUM["European Terrestrial Reference System 1989",SPHEROID["GRS 1980",6378137,298.257222101,AUTHORITY["EPSG","7019"]],TOWGS84[0,0,0,0,0,0,0],AUTHORITY["EPSG","6258"]],PRIMEM["Greenwich",0,AUTHORITY["EPSG","8901"]],UNIT["degree",0.01745329251994328,AUTHORITY["EPSG","9102"]],AUTHORITY["EPSG","4258"]],PROJECTION["Transverse_Mercator",AUTHORITY["EPSG","9807"]],PARAMETER["latitude_of_origin",0],PARAMETER["central_meridian",9],PARAMETER["scale_factor",0.9996],PARAMETER["false_easting",500000],PARAMETER["false_northing",0],UNIT["metre",1,AUTHORITY["EPSG","9001"]],AUTHORITY["EPSG","25832"]]
#Label	X/Easting	Y/Northing	Z/Altitude	Yaw	Pitch	Roll
100_0002_0001.JPG	719991.585227	6191900.953582	124.490072	34.800000	0.100000	-0.000000
100_0002_0002.JPG	719994.200502	6191906.475343	124.460072	29.200000	0.100000	-0.000000
100_0002_0003.JPG	719997.881314	6191914.141903	124.460072	28.600000	0.100000	-0.000000
100_0002_0004.JPG	720001.715436	6191921.928870	124.400072	28.500000	0.100000	-0.000000
100_0002_0005.JPG	720005.639435	6191929.911077	124.380072	28.800000	0.100000	-0.000000
100_0002_0006.JPG	720008.660099	6191938.042550	124.440072	22.100000	0.100000	-0.000000
100_0002_0007.JPG	720008.834484	6191946.920406	124.440072	6.200000	0.100000	-0.000000
100_0002_0008.JPG	720009.103363	6191955.408337	124.480072	5.000000	0.100000	-0.000000
100_0002_0009.JPG	720009.391100	6191964.093474	124.550072	4.100000	0.100000	-0.000000
100_0002_0010.JPG	720010.091021	6191972.782815	124.540072	4.700000	0.100000	-0.000000
100_0002_0011.JPG	720010.381349	6191981.565092	124.550072	4.800000	0.100000	-0.000000
100_0002_0012.JPG	720009.519163	6191983.376731	124.500072	260.600000	0.100000	-0.000000
100_0002_0013.JPG	720004.916406	6191975.140386	124.460072	212.400000	0.100000	-0.000000
100_0002_0014.JPG	720001.307436	6191967.457392	124.520072	210.400000	0.100000	-0.000000
100_0002_0015.JPG	719997.786904	6191959.787812	124.550072	209.900000	0.100000	-0.000000
100_0002_0016.JPG	719994.143323	6191952.019441	124.530072	209.600000	0.100000	-0.000000
100_0002_0017.JPG	719990.282356	6191944.230000	124.500072	209.900000	0.100000	-0.000000
100_0002_0018.JPG	719985.916787	6191936.389298	124.550072	210.300000	0.100000	-0.000000
100_0002_0019.JPG	719982.058699	6191928.480705	124.530072	209.600000	0.100000	-0.000000
100_0002_0020.JPG	719978.587964	6191920.694366	124.520072	209.500000	0.100000	-0.000000
100_0002_0021.JPG	719974.830108	6191912.863348	124.440072	209.600000	0.100000	-0.000000
100_0002_0022.JPG	719970.989170	6191905.110628	124.490072	209.800000	0.100000	-0.000000
100_0002_0023.JPG	719967.192067	6191897.137132	124.460072	210.500000	0.100000	-0.000000
100_0002_0024.JPG	719962.967105	6191889.170909	124.510072	210.600000	0.100000	-0.000000
100_0002_0025.JPG	719957.869079	6191882.327811	124.470072	227.900000	0.100000	-0.000000
100_0002_0026.JPG	719949.893631	6191878.228820	124.490072	242.600000	0.100000	-0.000000
100_0002_0027.JPG	719942.799605	6191873.892484	124.390072	244.000000	0.100000	-0.000000
100_0002_0028.JPG	719935.201604	6191869.517198	124.430072	243.600000	0.100000	-0.000000
100_0002_0029.JPG	719929.375918	6191866.731610	124.440072	274.000000	0.100000	-0.000000
100_0002_0030.JPG	719933.795402	6191874.713242	124.350072	26.200000	0.100000	-0.000000
100_0002_0031.JPG	719937.245437	6191882.242027	124.480072	29.000000	0.100000	-0.000000
100_0002_0032.JPG	719941.059498	6191890.315591	124.440072	28.800000	0.100000	-0.000000
100_0002_0033.JPG	719944.724251	6191898.115087	124.470072	29.700000	0.100000	-0.000000
100_0002_0034.JPG	719948.419247	6191905.862601	124.430072	28.900000	0.100000	-0.000000
100_0002_0035.JPG	719952.194386	6191913.514949	124.460072	28.500000	0.100000	-0.000000
100_0002_0036.JPG	719956.158497	6191921.364221	124.440072	28.500000	0.100000	-0.000000
100_0002_0037.JPG	719960.024126	6191929.211843	124.440072	28.800000	0.100000	-0.000000
100_0002_0038.JPG	719963.929803	6191937.185272	124.470072	28.900000	0.100000	-0.000000
100_0002_0039.JPG	719967.850569	6191945.071384	124.530072	29.100000	0.100000	-0.000000
100_0002_0040.JPG	719971.550710	6191952.814725	124.500072	28.900000	0.100000	-0.000000
100_0002_0041.JPG	719975.356634	6191960.674945	124.470072	29.400000	0.100000	-0.000000
100_0002_0042.JPG	719979.019151	6191968.342792	124.450072	28.300000	0.100000	-0.000000
100_0002_0043.JPG	719983.207578	6191976.061876	124.550072	28.500000	0.100000	-0.000000
100_0002_0044.JPG	719987.366552	6191984.039274	124.550072	29.200000	0.100000	-0.000000
100_0002_0045.JPG	719991.016399	6191991.733252	124.510072	29.500000	0.100000	-0.000000
100_0002_0046.JPG	719994.859264	6191999.507283	124.470072	28.600000	0.100000	-0.000000
100_0002_0047.JPG	719998.618381	6192007.397489	124.500072	28.500000	0.100000	-0.000000
100_0002_0048.JPG	720002.569288	6192015.144679	124.460072	28.800000	0.100000	-0.000000
100_0002_0049.JPG	720006.322064	6192022.911918	124.440072	28.900000	0.100000	-0.000000
100_0002_0050.JPG	720010.320558	6192030.895691	124.430072	28.600000	0.100000	-0.000000
100_0002_0051.JPG	720012.309701	6192038.881129	124.420072	9.300000	0.100000	-0.000000
100_0002_0052.JPG	720009.972918	6192047.667148	124.490072	350.100000	0.100000	-0.000000
100_0002_0053.JPG	720008.122370	6192056.025154	124.510072	348.900000	0.100000	-0.000000
100_0002_0054.JPG	720006.232168	6192064.410137	124.530072	349.100000	0.100000	-0.000000
100_0002_0055.JPG	720003.547500	6192062.840986	124.460072	229.600000	0.100000	-0.000000
100_0002_0056.JPG	719999.599837	6192055.241141	124.490072	212.100000	0.100000	-0.000000
100_0002_0057.JPG	719995.853261	6192047.550043	124.510072	209.600000	0.100000	-0.000000
100_0002_0058.JPG	719991.929791	6192039.893453	124.570072	209.900000	0.100000	-0.000000
100_0002_0059.JPG	719988.163598	6192032.180183	124.510072	209.900000	0.100000	-0.000000
100_0002_0060.JPG	719984.229921	6192024.266626	124.530072	209.700000	0.100000	-0.000000
100_0002_0061.JPG	719980.517796	6192016.340907	124.510072	209.300000	0.100000	-0.000000
100_0002_0062.JPG	719976.656273	6192008.748808	124.470072	209.500000	0.100000	-0.000000
100_0002_0063.JPG	719972.833684	6192000.921188	124.500072	209.600000	0.100000	-0.000000
100_0002_0064.JPG	719969.031941	6191993.028844	124.480072	209.800000	0.100000	-0.000000
100_0002_0065.JPG	719965.334353	6191985.310163	124.470072	209.700000	0.100000	-0.000000
100_0002_0066.JPG	719961.389930	6191977.371557	124.500072	209.700000	0.100000	-0.000000
100_0002_0067.JPG	719957.478837	6191969.555072	124.510072	209.700000	0.100000	-0.000000
100_0002_0068.JPG	719953.608322	6191961.631379	124.520072	209.800000	0.100000	-0.000000
100_0002_0069.JPG	719949.851201	6191953.921958	124.470072	209.700000	0.100000	-0.000000
100_0002_0070.JPG	719945.907735	6191946.111649	124.520072	209.600000	0.100000	-0.000000
100_0002_0071.JPG	719942.080123	6191938.269315	124.520072	209.900000	0.100000	-0.000000
100_0002_0072.JPG	719938.225727	6191930.385485	124.510072	209.900000	0.100000	-0.000000
100_0002_0073.JPG	719934.458626	6191922.636549	124.460072	209.400000	0.100000	-0.000000
100_0002_0074.JPG	719930.648683	6191914.828576	124.490072	210.000000	0.100000	-0.000000
100_0002_0075.JPG	719926.833198	6191907.005831	124.480072	210.100000	0.100000	-0.000000
100_0002_0076.JPG	719923.119429	6191899.231740	124.440072	210.200000	0.100000	-0.000000
100_0002_0077.JPG	719918.991566	6191891.305061	124.470072	210.000000	0.100000	-0.000000
100_0002_0078.JPG	719915.124028	6191883.517598	124.450072	210.200000	0.100000	-0.000000
100_0002_0079.JPG	719911.143478	6191875.693184	124.460072	210.000000	0.100000	-0.000000
100_0002_0080.JPG	719907.227924	6191867.898834	124.500072	209.800000	0.100000	-0.000000
100_0002_0081.JPG	719903.561289	6191860.184024	124.430072	209.500000	0.100000	-0.000000
100_0002_0082.JPG	719899.850975	6191852.315357	124.450072	209.800000	0.100000	-0.000000
100_0002_0083.JPG	719894.979398	6191851.236299	124.450072	294.000000	0.100000	-0.000000
100_0002_0084.JPG	719888.516117	6191856.684158	124.460072	310.300000	0.100000	-0.000000
100_0002_0085.JPG	719882.086868	6191862.216265	124.540072	313.600000	0.100000	-0.000000
100_0002_0086.JPG	719886.317231	6191869.893876	124.460072	27.600000	0.100000	-0.000000
100_0002_0087.JPG	719889.927203	6191877.624750	124.450072	30.200000	0.100000	-0.000000
100_0002_0088.JPG	719893.600454	6191885.493758	124.410072	29.200000	0.100000	-0.000000
100_0002_0089.JPG	719897.378844	6191893.294514	124.390072	28.800000	0.100000	-0.000000
100_0002_0090.JPG	719901.160031	6191901.151169	124.430072	28.900000	0.100000	-0.000000
100_0002_0091.JPG	719904.953582	6191908.937093	124.470072	29.100000	0.100000	-0.000000
100_0002_0092.JPG	719908.831743	6191916.700555	124.470072	29.200000	0.100000	-0.000000
100_0002_0093.JPG	719912.644492	6191924.466277	124.480072	28.200000	0.100000	-0.000000
100_0002_0094.JPG	719916.609450	6191932.435976	124.450072	28.500000	0.100000	-0.000000
100_0002_0095.JPG	719920.581140	6191940.210889	124.510072	28.900000	0.100000	-0.000000
100_0002_0096.JPG	719924.344443	6191948.121300	124.520072	28.900000	0.100000	-0.000000
100_0002_0097.JPG	719928.272594	6191955.838261	124.470072	29.000000	0.100000	-0.000000
100_0002_0098.JPG	719932.049913	6191963.719286	124.470072	28.900000	0.100000	-0.000000
100_0002_0099.JPG	719935.847278	6191971.526626	124.490072	28.400000	0.100000	-0.000000
100_0002_0100.JPG	719939.699154	6191979.335622	124.490072	29.200000	0.100000	-0.000000
100_0002_0101.JPG	719943.357616	6191987.009921	124.490072	29.100000	0.100000	-0.000000
100_0002_0102.JPG	719947.384057	6191994.903610	124.510072	28.300000	0.100000	-0.000000
100_0002_0103.JPG	719951.416013	6192002.824346	124.520072	29.000000	0.100000	-0.000000
100_0002_0104.JPG	719955.188881	6192010.482165	124.490072	29.200000	0.100000	-0.000000
100_0002_0105.JPG	719958.841613	6192018.206366	124.490072	28.200000	0.100000	-0.000000
100_0002_0106.JPG	719962.888897	6192026.145735	124.500072	28.200000	0.100000	-0.000000
100_0002_0107.JPG	719966.749897	6192033.983102	124.480072	28.600000	0.100000	-0.000000
100_0002_0108.JPG	719970.517434	6192041.979639	124.470072	28.800000	0.100000	-0.000000
100_0002_0109.JPG	719974.185388	6192049.773763	124.480072	28.900000	0.100000	-0.000000
100_0002_0110.JPG	719978.301828	6192057.598468	124.440072	29.000000	0.100000	-0.000000
100_0002_0111.JPG	719982.149116	6192065.457459	124.520072	29.200000	0.100000	-0.000000
100_0002_0112.JPG	719976.205288	6192065.499094	124.340072	275.600000	0.100000	-0.000000
100_0002_0113.JPG	719967.276387	6192065.103729	124.410072	269.600000	0.100000	-0.000000
100_0002_0114.JPG	719958.809466	6192064.436352	124.510072	268.700000	0.100000	-0.000000
100_0002_0115.JPG	719955.523712	6192056.284764	124.500072	214.000000	0.100000	-0.000000
100_0002_0116.JPG	719951.586817	6192048.928593	124.560072	210.300000	0.100000	-0.000000
100_0002_0117.JPG	719947.614601	6192041.105664	124.610072	210.600000	0.100000	-0.000000
100_0002_0118.JPG	719943.768259	6192033.127450	124.520072	209.800000	0.100000	-0.000000
100_0002_0119.JPG	719939.908880	6192025.455214	124.550072	209.700000	0.100000	-0.000000
100_0002_0120.JPG	719935.916629	6192017.469602	124.570072	210.000000	0.100000	-0.000000
100_0002_0121.JPG	719932.139031	6192009.719014	124.580072	210.100000	0.100000	-0.000000
100_0002_0122.JPG	719928.084977	6192001.825052	124.540072	210.500000	0.100000	-0.000000
100_0002_0123.JPG	719924.309781	6191994.038914	124.480072	209.800000	0.100000	-0.000000
100_0002_0124.JPG	719920.495788	6191986.200634	124.460072	209.500000	0.100000	-0.000000
100_0002_0125.JPG	719916.603504	6191978.457623	124.510072	209.800000	0.100000	-0.000000
100_0002_0126.JPG	719912.701726	6191970.505623	124.490072	209.600000	0.100000	-0.000000
100_0002_0127.JPG	719908.973165	6191962.640472	124.430072	209.300000	0.100000	-0.000000
100_0002_0128.JPG	719905.374872	6191954.780822	124.420072	209.600000	0.000000	-0.000000
100_0002_0129.JPG	719901.661687	6191947.007893	124.390072	209.900000	0.100000	-0.000000
100_0002_0130.JPG	719897.665225	6191939.126927	124.480072	209.500000	0.100000	-0.000000
100_0002_0131.JPG	719893.863136	6191931.423087	124.440072	210.000000	0.100000	-0.000000
100_0002_0132.JPG	719889.836272	6191923.596340	124.480072	210.000000	0.100000	-0.000000
100_0002_0133.JPG	719885.939581	6191915.814116	124.490072	210.200000	0.100000	-0.000000
100_0002_0134.JPG	719882.249403	6191907.982165	124.430072	210.000000	0.100000	-0.000000
100_0002_0135.JPG	719878.380039	6191900.155620	124.420072	210.500000	0.100000	-0.000000
100_0002_0136.JPG	719875.877247	6191898.994971	124.460072	312.100000	0.100000	-0.000000
100_0002_0137.JPG	719874.642965	6191907.669740	124.360072	349.500000	0.100000	-0.000000
100_0002_0138.JPG	719872.980192	6191916.154393	124.330072	351.500000	0.100000	-0.000000
100_0002_0139.JPG	719871.442583	6191924.770283	124.300072	352.500000	0.100000	-0.000000
100_0002_0140.JPG	719871.969345	6191933.401732	124.370072	16.800000	0.100000	-0.000000
100_0002_0141.JPG	719875.994297	6191941.105710	124.470072	29.400000	0.100000	-0.000000
100_0002_0142.JPG	719879.750939	6191948.963331	124.540072	29.700000	0.100000	-0.000000
100_0002_0143.JPG	719883.526066	6191956.827470	124.480072	29.100000	0.100000	-0.000000
100_0002_0144.JPG	719887.288286	6191964.488023	124.450072	29.000000	0.100000	-0.000000
100_0002_0145.JPG	719891.172369	6191972.332054	124.520072	28.800000	0.100000	-0.000000
100_0002_0146.JPG	719895.104681	6191980.128362	124.560072	28.900000	0.100000	-0.000000
100_0002_0147.JPG	719898.941683	6191987.885271	124.560072	29.000000	0.100000	-0.000000
100_0002_0148.JPG	719902.816257	6191995.693153	124.560072	28.800000	0.100000	-0.000000
100_0002_0149.JPG	719906.490139	6192003.522075	124.490072	28.900000	0.100000	-0.000000
100_0002_0150.JPG	719910.364656	6192011.404670	124.490072	28.900000	0.100000	-0.000000
100_0002_0151.JPG	719914.052883	6192019.309036	124.490072	28.200000	0.100000	-0.000000
100_0002_0152.JPG	719918.038407	6192027.044515	124.530072	28.600000	0.100000	-0.000000
100_0002_0153.JPG	719921.929131	6192034.730586	124.540072	28.800000	0.100000	-0.000000
100_0002_0154.JPG	719925.757754	6192042.576304	124.550072	29.100000	0.100000	-0.000000
100_0002_0155.JPG	719929.604072	6192050.444111	124.550072	28.400000	0.100000	-0.000000
100_0002_0156.JPG	719933.569797	6192058.209825	124.530072	28.900000	0.100000	-0.000000
100_0002_0157.JPG	719934.685115	6192063.516031	124.480072	328.500000	0.100000	0.000175
100_0002_0158.JPG	719925.169946	6192062.737525	124.400072	272.400000	0.100000	-0.000000
100_0002_0159.JPG	719916.639200	6192062.437183	124.480072	269.800000	0.100000	-0.000000
100_0002_0160.JPG	719910.813517	6192057.653458	124.510072	221.700000	0.100000	-0.000000
100_0002_0161.JPG	719907.055584	6192049.973021	124.490072	211.400000	0.100000	-0.000000
100_0002_0162.JPG	719903.228517	6192042.232214	124.540072	209.600000	0.100000	-0.000000
100_0002_0163.JPG	719899.247855	6192034.437898	124.610072	210.000000	0.100000	-0.000000
100_0002_0164.JPG	719895.427665	6192026.610476	124.550072	209.500000	0.100000	-0.000000
100_0002_0165.JPG	719891.673428	6192018.794211	124.440072	209.700000	0.100000	-0.000000
100_0002_0166.JPG	719887.718846	6192010.868544	124.490072	209.500000	0.100000	-0.000000
100_0002_0167.JPG	719883.868003	6192003.075261	124.520072	209.500000	0.100000	-0.000000
100_0002_0168.JPG	719879.939823	6191995.210041	124.500072	209.900000	0.100000	-0.000000
100_0002_0169.JPG	719876.125253	6191987.394077	124.460072	209.700000	0.100000	-0.000000
100_0002_0170.JPG	719872.485433	6191979.659463	124.460072	209.600000	0.100000	-0.000000
100_0002_0171.JPG	719868.674388	6191971.773440	124.470072	209.900000	0.100000	-0.000000
100_0002_0172.JPG	719865.008554	6191964.761171	124.510072	212.500000	0.100000	-0.000000
100_0002_0173.JPG	719863.809472	6191972.643824	124.390072	347.600000	0.100000	-0.000000
100_0002_0174.JPG	719862.166864	6191980.830673	124.370072	351.600000	0.100000	-0.000000
100_0002_0175.JPG	719860.656713	6191989.437923	124.390072	352.500000	0.100000	-0.000000
100_0002_0176.JPG	719859.174661	6191997.862618	124.420072	352.800000	0.100000	-0.000000
100_0002_0177.JPG	719862.945789	6192005.867032	124.460072	27.800000	0.100000	-0.000000
100_0002_0178.JPG	719866.631753	6192013.595060	124.460072	29.400000	0.100000	-0.000000
100_0002_0179.JPG	719870.418446	6192021.465354	124.460072	29.000000	0.100000	-0.000000
100_0002_0180.JPG	719874.324998	6192029.360690	124.440072	28.700000	0.100000	-0.000000
100_0002_0181.JPG	719878.112743	6192037.234391	124.460072	28.600000	0.100000	-0.000000
100_0002_0182.JPG	719882.023984	6192045.123284	124.440072	28.800000	0.100000	-0.000000
100_0002_0183.JPG	719885.745714	6192052.813008	124.490072	29.000000	0.100000	-0.000000
100_0002_0184.JPG	719889.294729	6192060.454944	124.490072	28.500000	0.100000	-0.000000
100_0002_0185.JPG	719881.632704	6192060.228868	124.430072	274.900000	0.100000	-0.000000
100_0002_0186.JPG	719873.184178	6192059.879263	124.520072	269.900000	0.100000	-0.000000
100_0002_0187.JPG	719865.486009	6192058.176191	124.490072	253.100000	0.100000	-0.000000
100_0002_0188.JPG	719861.955466	6192049.909681	124.480072	213.000000	0.100000	-0.000000
100_0002_0189.JPG	719858.035484	6192042.279053	124.580072	210.000000	0.100000	-0.000000
100_0002_0190.JPG	719854.135256	6192034.431999	124.600072	209.500000	0.100000	-0.000000
